Solucion Final: [1128, 1651, 2116, 2821, 5192, 9211] 22119
Solucion Final: [1247, 2025, 2512, 2556, 4720, 5625] 18685
Solucion Final: [1281, 2512, 2882, 5625, 8128, 8256] 28684
Solucion Final: [1540, 2673, 3364, 4033, 6426, 7315] 25351
Solucion Final: [1617, 1782, 2116, 2821, 8128, 8281] 24745
Solucion Final: [1128, 1651, 2116, 2821, 5192, 9211] 22119
Solucion Final: [1651, 2116, 3321, 5192, 9296, 9633] 31209
Solucion Final: [1680, 2016, 2147, 3721, 4720, 8037] 22321
Solucion Final: [1617, 1782, 2116, 2821, 8128, 8281] 24745
Solucion Final: [1680, 2016, 2147, 3721, 4720, 8037] 22321
Solucion Final: [1247, 2025, 2512, 2556, 4720, 5625] 18685
Solucion Final: [1617, 1782, 2116, 2821, 8128, 8281] 24745
Solucion Final: [1128, 1651, 2116, 2821, 5192, 9211] 22119
Solucion Final: [1651, 2116, 3321, 5192, 9296, 9633] 31209
Solucion Final: [1680, 2016, 2147, 3721, 4720, 8037] 22321
Solucion Final: [1247, 2025, 2512, 2556, 4720, 5625] 18685
Solucion Final: [1281, 2512, 2882, 5625, 8128, 8256] 28684
Solucion Final: [1247, 2025, 2512, 2556, 4720, 5625] 18685
Solucion Final: [1540, 2673, 3364, 4033, 6426, 7315] 25351
Solucion Final: [1617, 1782, 2116, 2821, 8128, 8281] 24745
Solucion Final: [1128, 1651, 2116, 2821, 5192, 9211] 22119
Solucion Final: [1281, 2512, 2882, 5625, 8128, 8256] 28684
Solucion Final: [1651, 2116, 3321, 5192, 9296, 9633] 31209
Solucion Final: [1540, 2673, 3364, 4033, 6426, 7315] 25351
Solucion Final: [1680, 2016, 2147, 3721, 4720, 8037] 22321
Solucion Final: [1540, 2673, 3364, 4033, 6426, 7315] 25351
Solucion Final: [1680, 2016, 2147, 3721, 4720, 8037] 22321
Solucion Final: [1247, 2025, 2512, 2556, 4720, 5625] 18685
Solucion Final: [1128, 1651, 2116, 2821, 5192, 9211] 22119
Solucion Final: [1651, 2116, 3321, 5192, 9296, 9633] 31209
Solucion Final: [1247, 2025, 2512, 2556, 4720, 5625] 18685
Solucion Final: [1281, 2512, 2882, 5625, 8128, 8256] 28684
Solucion Final: [1540, 2673, 3364, 4033, 6426, 7315] 25351
Solucion Final: [1540, 2673, 3364, 4033, 6426, 7315] 25351
Solucion Final: [1680, 2016, 2147, 3721, 4720, 8037] 22321
Solucion Final: [1617, 1782, 2116, 2821, 8128, 8281] 24745
Solucion Final: [1281, 2512, 2882, 5625, 8128, 8256] 28684
Solucion Final: [1281, 2512, 2882, 5625, 8128, 8256] 28684
Solucion Final: [1617, 1782, 2116, 2821, 8128, 8281] 24745
Solucion Final: [1128, 1651, 2116, 2821, 5192, 9211] 22119
Solucion Final: [1651, 2116, 3321, 5192, 9296, 9633] 31209
Solucion Final: [1651, 2116, 3321, 5192, 9296, 9633] 31209
